1;1;3;23.11.2020;Brno;1;3;10;5;sazka1
2;3;2;3.12.2020;Praha;2;1;20;40;sazka2
3;2;1;2.1.2020;Ostrava;1;2;30;50;sazka3
1;1;3;23.11.2020;Brno;1;3;10;5;sazka1
2;3;2;3.12.2020;Praha;2;1;20;40;sazka2
3;2;1;2.1.2020;Ostrava;1;2;30;50;sazka3
1;1;3;23.11.2020;Brno;1;3;10;5;sazka1
2;3;2;3.12.2020;Praha;2;1;20;40;sazka2
3;2;1;2.1.2020;Ostrava;1;2;30;50;sazka3
1;1;3;23.11.2020;Brno;1;3;10;5;sazka1
2;3;2;3.12.2020;Praha;2;1;20;40;sazka2
3;2;1;2.1.2020;Ostrava;1;2;30;50;sazka3
1;1;3;23.11.2020;Brno;1;3;10;5;sazka1
2;3;2;3.12.2020;Praha;2;1;20;40;sazka2
3;2;1;2.1.2020;Ostrava;1;2;30;50;sazka3
1;1;3;23.11.2020;Brno;1;3;10;5;sazka1
2;3;2;3.12.2020;Praha;2;1;20;40;sazka2
3;2;1;2.1.2020;Ostrava;1;2;30;50;sazka3
1;1;3;23.11.2020;Brno;1;3;10;5;sazka1
2;3;2;3.12.2020;Praha;2;1;20;40;sazka2
3;2;1;2.1.2020;Ostrava;1;2;30;50;sazka3
1;1;3;23.11.2020;Brno;1;3;10;5;sazka1
2;3;2;3.12.2020;Praha;2;1;20;40;sazka2
3;2;1;2.1.2020;Ostrava;1;2;30;50;sazka3
1;1;3;23.11.2020;Brno;1;3;10;5;sazka1
2;3;2;3.12.2020;Praha;2;1;20;40;sazka2
3;2;1;2.1.2020;Ostrava;1;2;30;50;sazka3
1;1;3;23.11.2020;Brno;1;3;10;5;sazka1
3;2;1;2.1.2020;Ostrava;1;2;30;50;sazka3
